6.172798
6.172798
6.32882
6.328822
6.32882
6.328821
6.328822
6.328822
6.328821
6.32882
6.32882
6.328821
6.32882
6.328819
6.328817
6.328817
6.328818
6.328818
6.328817
6.328818
6.328817
6.328817
6.328817
6.328816
6.328816
6.328817
6.328817
6.328817
6.328816
6.328815
6.328815
6.328814
6.328816
6.328817
6.328814
6.328814
6.328813
6.328811
6.328811
6.328809
6.328809
6.328809
6.328808
6.328808
6.328808
6.328807
6.328809
6.328809
6.328809
6.328809
6.32881
6.32881
6.32881
6.32881
6.328811
6.32881
6.32881
6.32881
6.32881
6.328811
6.328809
6.328808
6.328809
6.328811
6.328811
6.328812
6.328811
6.328809
6.328809
6.328808
6.328809
6.328809
6.328809
6.328807
6.328808
6.328807
6.328807
6.328804
6.328803
6.328803
6.328802
6.328802
6.328801
6.328799
6.328798
6.328796
6.328796
6.328797
6.328796
6.328795
6.328793
6.328792
6.328793
6.328793
6.328794
6.328793
6.328794
6.328794
6.328792
6.32879
6.32879
6.32879
6.32879
6.328791
6.328789
6.32879
6.32879
6.32879
6.328788
6.328789
6.328786
6.328787
6.328787
6.328788
6.328788
6.328789
6.328787
6.328786
6.328787
6.328787
6.328786
6.328786
6.328783
6.328784
6.328784
6.328784
6.328783
6.328783
6.328784
6.328783
6.328784
6.328784
6.328783
6.328783
6.328784
6.328784
6.328784
6.328783
6.328784
6.328785
6.328785
6.328785
6.328785
6.328785
6.328785
6.328785
6.328784
6.328784
6.328784
6.328785
6.328785
6.328785
6.328783
6.328782
6.328783
6.328783
6.328783
6.328784
6.328784
6.328785
6.328784
6.328784
6.328783
6.328782
6.328783
6.328783
6.328783
6.328786
6.328785
6.328785
6.328784
6.328784
6.328784
6.328784
6.328783
6.328784
6.328785
6.328785
6.328784
6.328784
6.328784
6.328784
6.328784
6.328785
6.328784
6.328784
6.328783
6.328783
6.328783
6.328784
6.328783
6.328782
6.328782
6.328783
6.328782
6.328781
6.32878
6.32878
6.32878
6.32878
6.32878
6.328779
6.32878
6.32878
6.32878
6.328779
6.328779
6.32878
6.32878
6.328778
6.328778
6.328776
6.19088
6.193299
6.178786
6.187557
6.195101
6.208936
6.231822
6.26997
6.313029
6.365332
6.421442
6.469294
6.538964
6.579537
6.617416
6.65221
6.680217
6.710447
6.753397
6.793703
6.852284
6.901909
6.970685
7.021546
7.101637
7.166225
7.247065
7.326788
7.373661
7.419206
7.487684
7.519955
7.551146
7.604543
7.619823
7.671333
7.686726
7.723523
7.728487
7.749294
7.785911
7.797762
7.84512
7.870177
7.893343
7.950384
7.987174
8.02281
8.061778
8.131605
8.181627
8.26411
8.349751
8.409664
8.476036
8.527593
8.555844
8.595181
8.667118
8.746735
8.804773
8.884858
8.959833
9.005549
9.066666
9.121857
9.14593
9.184698
9.222159
9.261554
9.261968
9.269528
9.245057
9.229761
9.22468
9.233663
9.288268
9.353358
9.398656
9.473351
9.550913
9.603775
9.688445
9.776749
9.838736
9.933111
9.997583
10.08235
10.15164
10.21449
10.29527
10.35426
10.4386
10.51653
10.56047
10.62078
10.65305
10.70898
10.73192
10.77183
10.81706
10.81236
10.85472
10.892
10.90381
10.92663
10.97736
11.03255
11.06293
11.12677
11.16831
11.21272
11.28916
11.34505
11.40444
11.49231
11.58348
11.6565
11.7536
11.8196
11.9047
11.97219
12.06349
12.15135
12.2067
12.24982
12.31929
12.3565
12.38158
12.44169
12.49353
12.50248
12.54489
12.5835
12.58925
12.62598
12.66637
12.68859
12.70323
12.73014
12.75929
12.82201
12.8609
12.8999
12.97162
13.04591
13.10134
13.18031
13.257
13.27553
13.3394
13.39125
13.47171
13.50165
13.53872
13.59886
13.66293
13.69718
13.72083
13.76486
13.77452
13.78352
13.81388
13.8049
13.81203
13.81957
13.82808
13.85531
14.19157
14.17746
14.16075
14.14241
14.13231
14.1251
14.12522
14.11997
14.11853
14.11574
14.11287
14.11159
14.11134
14.1113
14.11135
14.11142
14.11149
14.1106
14.11048
14.1103
14.10999
14.10966
14.11019
14.10783
14.10674
14.10628
14.10573
14.10487
14.10611
14.1078
14.10956
14.11065
14.11164
14.11135
14.11084
14.11134
14.11195
14.11395
14.117
14.11892
14.12233
14.12595
14.12923
14.13253
14.13498
14.1356
14.13791
14.14026
14.1424
14.14334
14.14494
14.14553
14.14878
14.14943
14.1526
14.15169
14.15238
14.15291
14.15045
14.15458
14.15482
14.15447
14.15863
14.15792
14.15725
14.16144
14.1603
14.16097
14.16469
14.16686
14.17012
14.17384
14.1784
14.18257
14.1863
14.19
14.1933
14.20308
14.21235
14.21566
14.22212
14.22681
14.23047
14.23273
14.23284
14.23233
14.23265
14.23035
14.22826
14.22635
14.22281
14.22239
14.22195
14.22173
14.22217
14.22014
14.21997
14.21919
14.21918
14.21918
14.21917
14.21913
14.21918
14.21936
14.21997
14.22159
14.22318
14.225
14.22604
14.22646
14.22657
14.22673
14.22645
14.22631
14.22617
14.22603
14.22582
14.22554
14.22464
14.22392
14.22301
14.22143
14.21995
14.21931
14.21874
14.2185
14.21853
14.21842
14.21791
14.21773
14.21749
14.21706
14.21703
14.21715
14.21685
14.21618
14.21583
14.21587
14.21587
14.21586
14.21582
14.21583
14.21594
14.2164
14.21728
14.21804
14.21924
14.22174
14.22266
14.22302
14.22322
14.22319
14.22315
14.2231
14.22304
14.22262
14.22235
14.2221
14.22158
14.22039
14.21939
14.21803
14.21641
14.21577
14.21526
14.21506
14.21509
14.21488
14.21432
14.21417
14.214
14.21351
14.21347
14.2136
14.2133
14.21305
14.21249
14.21256
14.21244
14.21257
14.21269
14.21321
14.213
14.21308
14.21309
14.21323
14.21319
14.21316
14.21305
14.21344
14.21364
14.21414
14.21559
14.21605
14.21578
14.21504
14.2139
14.21231
14.21065
14.20902
14.2059
14.20493
14.20241
14.19897
14.1919
14.18489
14.17653
14.17054
14.1636
14.15901
14.15583
14.14759
14.14417
14.13976
14.13484
14.12576
14.11436
14.11313
14.10887
14.11195
14.10913
14.10945
14.10814
14.10698
14.10414
14.10115
14.09707
14.0923
14.08196
14.07474
14.06738
14.063
14.06103
14.05638
14.05438
14.05167
14.04853
14.04498
14.04132
14.03614
14.03305
14.03024
14.0276
14.02503
14.02225
14.01818
14.0157
14.01505
14.01607
14.0159
14.01821
14.02523
14.03197
14.03853
14.04543
14.05291
14.06417
14.06926
14.07411
14.08062
14.08856
14.09258
14.09599
14.09883
14.09945
14.07933
14.03923
14.00816
13.96678
13.92253
13.90301
13.87965
13.84592
13.79157
13.73931
13.69681
13.64977
13.59817
13.54793
13.50454
13.44054
13.39326
13.35904
13.3306
13.29763
13.28524
13.26738
13.24064
13.233
13.22241
13.19209
13.19266
13.18109
13.16835
13.1519
13.12397
13.11409
13.09494
13.07887
13.03674
12.99284
12.96207
12.91284
12.86271
12.83277
12.80111
12.7645
12.72857
12.69296
12.63236
12.59192
12.53974
12.49677
12.43952
12.38581
12.35106
12.32206
12.28095
12.23891
12.21978
12.18779
12.17612
12.17091
12.13881
12.11877
12.12406
12.13133
12.12248
12.13015
12.13023
12.10881
12.08945
12.07882
12.04982
12.01582
11.99266
11.95481
11.91637
11.88524
11.84264
11.80346
11.77737
11.75708
11.74466
11.76827
11.78323
11.80716
11.84168
11.85506
11.86224
11.86778
11.87305
11.87443
11.87213
11.87169
11.87265
11.87525
11.88195
11.89363
11.90591
11.92237
11.93198
11.94789
11.97104
11.99422
12.01498
12.03683
12.0678
12.08149
12.10262
12.12581
12.15067
12.16538
12.18442
12.19562
12.20311
12.21214
12.21568
12.227
12.23627
12.24178
12.24673
12.251
12.2537
12.25532
12.25679
12.25825
12.26033
12.26322
12.26536
12.26825
12.27035
12.27158
12.27213
12.27242
12.27244
12.27169
12.27015
12.26821
12.26647
12.265
12.2645
12.26433
12.26386
12.26251
12.26228
12.26208
12.26242
12.2635
12.264
12.26495
12.26635
12.26844
12.27093
12.27243
12.27441
12.27602
12.27683
12.27763
12.27797
12.27792
12.27808
12.27859
12.27884
12.27783
12.27506
12.27193
12.27065
12.27007
12.26969
12.26915
12.26911
12.27016
12.27206
12.2754
12.27788
12.28045
12.30912
12.31383
12.31739
12.32011
12.3221
12.32323
12.32411
12.32444
12.32421
12.32316
12.32134
12.31978
12.31664
12.31265
12.30766
12.30365
12.30095
12.29947
12.2989
12.29853
12.2986
12.29904
12.29991
12.30129
12.30315
12.30534
12.30654
12.30767
12.30818
12.30847
12.30777
12.30672
12.30443
12.30165
12.29971
12.29687
12.28426
12.26805
12.25273
12.23637
12.22238
12.20904
12.2009
12.18897
12.17765
12.1671
12.15604
12.14679
12.13859
12.13425
12.12636
12.11906
12.11452
12.10631
12.09493
12.08809
12.07984
12.06855
12.06094
12.05345
12.04568
12.03936
12.03408
12.02892
12.02502
12.02139
12.0181
12.01637
12.01315
12.01018
12.00862
12.00723
12.0062
12.00552
12.00417
12.00238
12.00093
11.99997
11.99783
11.99615
11.99514
11.99398
11.99255
11.99172
11.99103
11.99047
11.98955
11.98914
11.98787
11.98763
11.98675
11.98661
11.9849
11.98422
11.98131
11.97944
11.97607
11.97493
11.9689
11.96408
11.95764
11.95425
11.9538
11.95576
11.95693
11.95856
11.95641
11.95786
11.95773
11.96146
11.96331
11.96421
11.96051
11.95726
11.94977
11.94561
11.94126
11.94478
11.95333
11.95867
11.95781
11.94638
11.9234
11.91139
11.89519
11.88833
11.88517
11.88804
11.89084
11.89785
11.90511
11.9091
11.90819
11.90801
11.89937
11.89018
11.87924
11.865
11.84894
11.84065
11.82665
11.81013
11.79202
11.75079
11.71205
11.67458
11.65443
11.64028
11.63701
11.63708
11.65247
11.67295
11.76385
11.84735
11.91394
11.97724
12.01756
12.04876
12.08883
12.12493
12.1478
12.17518
12.18593
12.22513
12.24086
12.27887
12.31785
12.34252
12.39534
12.45495
12.4888
12.5197
12.57465
12.61456
12.68008
12.75082
12.88381
12.93145
12.97838
13.01085
13.03741
13.06658
13.11018
13.13428
13.15012
13.18506
13.21403
13.21384
13.23372
13.22703
13.21786
13.23894
13.25645
13.26345
13.28015
13.32316
13.35568
13.38524
13.16445
13.20738
13.22053
13.23455
13.26014
13.28336
13.29756
13.30515
13.31171
13.31711
13.32354
13.32329
13.32397
13.32413
13.32458
13.32631
13.32967
13.33279
13.33628
13.3403
13.33967
13.33781
13.33574
13.33695
13.33996
13.34045
13.34168
13.34584
13.35359
13.35713
13.36213
13.36871
13.37205
13.37537
13.37682
13.38119
13.3857
13.38867
13.39103
13.39266
13.39313
13.39244
13.39039
13.38687
13.3823
13.37893
13.37552
13.36816
13.36495
13.36324
13.36356
13.36515
13.36743
13.37135
13.37372
13.3761
13.37925
13.38095
13.38107
13.38059
13.3797
13.3779
13.37349
13.37006
13.36835
13.36785
13.36818
13.36854
13.36882
13.36928
13.37057
13.373
13.37645
13.37958
13.3798
13.37824
13.37624
13.37404
13.37173
13.36587
13.36203
13.35548
13.34966
13.34791
13.34946
13.35163
13.35439
13.3568
13.36108
13.36681
13.37219
13.37758
13.38357
13.3869
13.38809
13.38895
13.38751
13.38339
13.3783
13.3742
13.36354
13.35585
13.34507
13.33777
13.33406
13.32949
13.32686
13.32594
13.3264
13.32653
13.32625
13.32492
13.32369
13.32204
13.31727
13.31119
13.30429
13.29456
13.2836
13.27108
13.25164
13.24279
13.22962
13.21701
13.20774
13.20051
13.19251
13.18788
13.18202
13.17694
13.17412
13.17216
13.16969
13.16881
13.16731
13.16528
13.15396
13.14525
13.13821
13.13356
13.13022
13.12847
13.12661
13.12548
13.12548
13.12548
13.13374
13.15204
13.16137
13.17344
13.1851
13.19223
13.20316
13.21502
13.22488
13.23429
13.24322
13.24968
13.25677
13.26446
13.26896
13.27594
13.28233
13.28906
13.29442
13.2993
13.30208
13.30612
13.30964
13.31304
13.31545
13.31725
13.31798
13.31798
13.31798
13.31798
13.31798
13.31798
13.31799
13.31798
13.31798
13.31798
13.31798
13.31798
13.31798
13.31798
13.31798
13.31798
13.31798
13.31798
13.31798
13.31798
13.31798
13.31799
13.31798
13.31798
13.31798
13.31798
13.31798
13.31798
13.31798
13.31798
13.31798
13.31798
13.31798
13.31798
13.31798
13.31798
13.31798
13.31798
13.31798
13.31798
13.31798
13.31798
13.31798
13.31798
13.31798
13.31798
13.31798
13.31798
13.31798
13.31798
13.31798
13.31798
13.31798
13.31798
13.31798
13.31798
13.31798
13.31798
13.31798
13.31798
13.31798
13.31799
13.31798
13.31798
13.31799
13.31798
13.31799
13.31798
13.31798
13.31798
13.31798
13.31798
13.31798
13.31799
13.31798
13.31798
13.31798
13.31797
13.31798
13.31798
13.31798
