3.47405
3.47405
3.672856
3.672856
3.672856
3.672856
3.672857
3.672858
3.672858
3.672858
3.672859
3.672855
3.672855
3.672855
3.672855
3.672855
3.672858
3.672858
3.672858
3.672858
3.672858
3.672855
3.672855
3.672855
3.672855
3.672854
3.672858
3.672859
3.672858
3.672859
3.672858
3.672855
3.672854
3.672855
3.672854
3.672855
3.672858
3.672858
3.672858
3.672859
3.672858
3.672854
3.672854
3.672855
3.672854
3.672855
3.672858
3.672858
3.672857
3.672858
3.672857
3.672855
3.672854
3.672855
3.672854
3.672856
3.672855
3.672857
3.672858
3.672858
3.672858
3.672855
3.672855
3.672855
3.672855
3.672856
3.672858
3.672856
3.672856
3.672855
3.672855
3.672856
3.672856
3.672856
3.672858
3.672857
3.672857
3.672858
3.672856
3.672856
3.672856
3.672856
3.672858
3.672856
3.672856
3.672858
3.672856
3.672856
3.672855
3.672855
3.672856
3.672857
3.672856
3.672855
3.672857
3.672856
3.672855
3.672856
3.672856
3.672855
3.672856
3.672855
3.672857
3.672856
3.672855
3.672857
3.672856
3.672855
3.672856
3.672855
3.672856
3.672856
3.672856
3.672856
3.672856
3.672857
3.672855
3.672856
3.672857
3.672856
3.672855
3.672856
3.672856
3.672855
3.672856
3.672856
3.672857
3.672856
3.672856
3.672856
3.672856
3.672855
3.672856
3.672858
3.672857
3.672856
3.672858
3.672856
3.672855
3.672855
3.672855
3.672855
3.672857
3.672858
3.672857
3.672857
3.672858
3.672855
3.672855
3.672855
3.672856
3.672855
3.672858
3.672858
3.672858
3.672858
3.672859
3.672855
3.672855
3.672855
3.672855
3.672855
3.672858
3.672859
3.672859
3.672858
3.672858
3.672855
3.672854
3.672854
3.672855
3.672854
3.672858
3.672858
3.672859
3.672858
3.672858
3.672854
3.672855
3.672854
3.672855
3.672858
3.672859
3.672857
3.672858
3.672855
3.672854
3.672855
3.672854
3.672858
3.672858
3.672858
3.672858
3.672859
3.672855
3.672854
3.672855
3.672854
3.672858
3.672858
3.672858
3.672858
3.672854
3.672855
3.672855
3.672854
3.672855
3.672858
3.672858
3.672858
3.672858
3.672856
3.672855
3.672856
3.672856
3.672856
3.672856
3.672857
3.672856
3.672856
3.672858
3.672855
3.672856
3.672855
3.672856
3.672858
3.672857
3.672856
3.672858
3.672857
3.672855
3.672855
3.672856
3.672856
3.597333
3.592314
3.592667
3.605638
3.649199
3.697078
3.72637
3.770576
3.829481
3.904159
3.961514
4.035424
4.129606
4.202275
4.279249
4.328552
4.347159
4.401131
4.426311
4.433213
4.461564
4.492197
4.527493
4.554742
4.57603
4.6219
4.676795
4.742601
4.809051
4.879335
4.92756
5.005008
5.095195
5.193702
5.286288
5.357806
5.448786
5.574743
5.648182
5.719274
5.789315
5.829482
5.922548
5.935922
5.978655
6.012272
6.054813
6.063524
6.094243
6.106965
6.175641
6.215425
6.241859
6.300211
6.366359
6.443904
6.52407
6.578298
6.660598
6.748348
6.88663
7.089723
7.322017
7.441858
7.504584
7.542346
7.59348
7.639068
7.654909
7.692293
7.722037
7.728336
7.761421
7.793013
7.810719
7.85453
7.905047
7.937542
7.998481
8.065832
8.114408
8.191325
8.273235
8.332843
8.419746
8.512791
8.694819
8.726702
8.750386
8.790778
8.841763
8.905523
8.941182
8.995013
9.042925
9.056699
9.088252
9.120117
9.124684
9.15478
9.178984
9.189716
9.225739
9.262778
9.284232
9.33228
9.374099
9.395277
9.448373
9.512904
9.557401
9.888301
9.974078
10.05953
10.14258
10.25565
10.36113
10.42625
10.50007
10.55883
10.58625
10.62123
10.66002
10.67112
10.7077
10.73402
10.83361
10.83873
10.84097
10.84811
10.85886
10.87025
10.88442
10.90273
10.91473
10.92564
10.94238
10.95844
10.975
10.9912
11.01201
11.03185
11.05623
11.07852
11.09873
11.12723
11.15012
11.16055
11.17433
11.18774
11.19809
11.20944
11.21655
11.22197
11.23065
11.23874
11.24233
11.24372
11.24318
11.24174
11.24041
11.2386
11.23719
11.2362
11.23529
11.23461
11.23404
11.23434
11.23513
11.23533
11.2357
11.23306
11.22516
11.21209
11.1999
11.18456
11.16823
11.15662
11.14055
11.12372
11.10725
11.08965
11.06868
11.04775
11.03918
11.02068
11.00694
10.99451
10.98639
10.98016
10.97408
10.97001
10.96497
11.02574
11.03558
11.00446
10.97274
10.93307
10.88694
10.85006
10.8051
10.76652
10.73022
10.6777
10.63717
10.61283
10.58915
10.5553
10.53693
10.51752
10.50326
10.49386
10.494
10.49459
10.49937
10.50545
10.51246
10.51949
10.52669
10.53445
10.54007
10.54799
10.55668
10.56235
10.57145
10.58049
10.58506
10.59453
10.60482
10.61054
10.62198
10.63657
10.64768
10.66665
10.68728
10.70109
10.72014
10.74199
10.7594
10.78529
10.8116
10.8301
10.85548
10.87119
10.89584
10.9112
10.93218
10.95298
10.96164
10.97975
11.00189
11.01131
11.03308
11.05512
11.06812
11.08867
11.10997
11.12592
11.14404
11.16703
11.18924
11.22579
11.26667
11.27439
11.33705
11.40256
11.40749
11.41741
11.42227
11.41773
11.41284
11.40586
11.39869
11.39369
11.38972
11.38054
11.36987
11.36196
11.35344
11.35099
11.35288
11.36146
11.37198
11.37988
11.38679
11.39493
11.4017
11.40831
11.41102
11.41165
11.41128
11.41188
11.41207
11.41144
11.40932
11.40742
11.40774
11.40865
11.40866
11.40833
11.4073
11.40565
11.40335
11.40119
11.3991
11.39757
11.39614
11.39473
11.39278
11.39054
11.38958
11.38979
11.38928
11.38762
11.38554
11.38323
11.38137
11.38162
11.38585
11.39598
11.40643
11.41755
11.42749
11.43931
11.45592
11.46951
11.47942
11.48822
11.49475
11.50001
11.51344
11.51666
11.5188
11.52613
11.5262
11.52697
11.52984
11.53247
11.53647
11.53854
11.54377
11.55023
11.55631
11.56652
11.57645
11.58352
11.59177
11.59954
11.60524
11.60798
11.60995
11.6135
11.61882
11.62351
11.62688
11.62883
11.62906
11.62784
11.6258
11.62473
11.62426
11.62339
11.62194
11.61874
11.61468
11.60919
11.60265
11.59759
11.59212
11.58375
11.57468
11.56291
11.55157
11.53942
11.52691
11.51809
11.5113
11.50423
11.49958
11.49896
11.50323
11.50888
11.5144
11.52102
11.52831
11.53648
11.54301
11.54578
11.54612
11.54523
11.54416
11.54159
11.53748
11.53016
11.52063
11.51031
11.49943
11.49002
11.4815
11.47226
11.46596
11.4612
11.45811
11.45556
11.4531
11.45155
11.45267
11.45781
11.4652
11.473
11.48148
11.48769
11.49161
11.49381
11.49449
11.49423
11.49241
11.48949
11.48401
11.47704
11.46855
11.46023
11.45058
11.44334
11.43865
11.43617
11.43522
11.43485
11.43483
11.43525
11.43622
11.43789
11.44085
11.44496
11.44846
11.45081
11.45301
11.45407
11.45474
11.45424
11.45338
11.45177
11.44928
11.44475
11.4377
11.4324
11.42875
11.4274
11.42684
11.42699
11.42785
11.42905
11.43072
11.43399
11.43928
11.4481
11.4591
11.47161
11.49593
11.50847
11.51647
11.51647
11.51647
11.51647
11.51647
11.51647
11.51647
11.51647
11.51647
11.51647
11.51647
11.51647
11.51647
11.51647
11.51647
11.51647
11.51647
11.51647
11.51647
11.51647
11.51647
11.51647
11.51647
11.51647
11.51647
11.51647
11.51647
11.51647
11.51647
11.51647
11.51647
11.51647
11.51647
11.51647
11.51647
11.51647
11.51647
11.51647
11.51647
11.51647
11.51647
11.51647
11.51647
11.51647
11.51647
11.51647
11.51647
11.51647
11.51647
11.51647
11.51647
11.51647
11.51647
11.51647
11.51647
11.51647
11.51647
11.51647
11.51647
11.51647
11.51647
11.51647
11.51647
11.51647
11.51647
11.51647
11.51647
11.51647
11.51647
11.51647
11.51647
11.51647
11.51647
11.51647
11.51647
11.51647
11.51647
11.51647
11.51647
11.51647
11.51647
11.51647
11.51647
11.51647
11.51647
11.51647
11.51647
11.51647
11.51647
11.51647
11.51647
11.51647
11.51647
11.51647
11.51647
11.51647
11.51647
11.51647
11.51647
11.51647
11.51647
11.51647
11.51647
11.51647
11.51647
11.51647
11.51647
11.51647
11.51647
11.51647
11.51647
11.51647
11.51647
11.51647
11.51647
11.51647
11.51647
11.51647
11.51647
11.51647
11.51647
11.51647
11.51647
11.51647
11.51647
11.51647
11.51647
11.51647
11.51647
11.51647
11.51647
11.51647
11.51647
11.51647
11.51647
11.51647
11.51647
11.51647
11.51647
11.51647
11.51647
11.51647
11.51647
11.51647
11.51647
11.51647
11.51647
11.51647
11.51647
11.51647
11.51647
11.51647
11.51647
11.51647
11.51647
11.51647
11.51647
11.51647
11.51647
11.51647
11.51647
11.51647
11.51647
11.51647
11.51647
11.51647
11.51647
11.51647
11.51647
11.51647
11.51647
11.51647
11.51647
11.51647
11.51647
11.51647
11.51647
11.51647
11.51647
11.51647
11.51647
11.51647
11.51647
11.51647
11.51647
11.51647
11.51647
11.51647
11.51647
11.51647
11.51647
11.51647
11.51647
11.51647
11.51647
11.51647
11.51647
11.51647
11.51647
11.51647
11.51647
11.51647
11.51647
11.51647
11.51647
11.51647
11.51647
11.51647
11.51647
11.51647
11.51647
11.51647
11.51647
11.51647
11.51647
11.51647
11.51647
11.51647
11.51647
11.51647
11.51647
11.51647
11.51647
11.51647
11.51647
11.51647
11.51647
11.51647
11.51647
11.51647
11.51647
11.51647
11.51647
11.51647
11.51647
11.51647
11.51647
11.51647
11.51647
11.51647
11.51647
11.51647
11.51647
11.51647
11.51647
11.51647
11.51647
11.51647
11.51647
11.51647
11.51647
11.51647
11.51647
11.51647
11.51647
11.51647
11.51647
11.51647
11.51647
11.51647
11.51647
11.51647
11.51647
11.51647
11.51647
11.51647
11.51647
11.51647
11.51647
11.51647
11.51647
11.51647
11.51647
11.51647
11.51647
11.51647
11.51647
11.51647
11.51647
11.51647
11.51647
11.51647
11.51647
11.51647
11.51647
11.51647
11.51647
11.51647
11.51647
11.51647
11.51647
11.51647
11.51647
11.51647
11.51647
11.51647
11.51647
11.51647
11.51647
11.51647
11.51647
11.51647
11.51647
11.51647
11.51647
11.51647
11.51647
11.51647
11.51647
11.51647
11.51647
11.51647
11.51647
11.51647
11.51647
11.51647
11.51647
11.51647
11.51647
11.51647
11.51647
11.51647
11.51647
11.51647
11.51647
11.51647
11.51647
11.51647
11.51647
11.51647
11.51647
11.51647
11.51647
11.51647
11.51647
11.51647
11.51647
11.51647
11.51647
11.51647
11.51647
11.51647
11.51647
11.51647
11.51647
11.51647
11.51647
11.51647
11.51647
11.51647
11.51647
11.51647
11.51647
11.51647
11.51647
11.51647
11.51647
11.51647
11.51647
11.51647
11.51647
11.51647
11.51647
11.51647
11.51647
11.51647
11.51647
11.51647
11.51647
11.51647
11.51647
11.51647
11.51647
11.51647
11.51647
11.51647
11.51647
11.51647
11.51647
11.51647
11.51647
11.51647
11.51647
11.51647
11.51647
11.51647
11.51647
11.51647
11.51647
11.51647
11.51647
11.51647
11.51647
11.51647
11.51647
11.51647
11.51647
11.51647
11.51647
11.51647
11.51647
11.51647
11.51647
11.51647
11.51647
11.51647
11.51647
11.51647
11.51647
11.51647
11.51647
11.51647
11.51647
11.51647
11.51647
11.51647
11.51647
11.51647
11.51647
11.51647
11.51647
11.51647
11.51647
11.51647
11.51647
11.51647
11.51647
11.51647
11.51647
11.51647
11.51647
11.51647
11.51647
11.51647
11.51647
11.51647
11.51647
11.51647
11.51647
11.51647
11.51647
11.51647
11.51647
11.51647
11.51647
11.51647
11.51647
11.51647
11.51647
11.51647
11.51647
11.51647
11.51647
11.51647
11.51647
11.51647
11.51647
11.51647
11.51647
11.51647
11.51647
11.51647
11.51647
11.51647
11.51647
11.51647
11.51647
11.51647
11.51647
11.51647
11.51647
11.51647
11.51647
11.51647
11.51647
11.51647
11.51647
11.51647
11.51647
11.51647
11.51647
11.51647
11.51647
11.51647
11.51647
11.51647
11.51647
11.51647
11.51647
11.51647
11.51647
11.51647
11.51647
11.51647
11.51647
11.51647
11.51647
11.51647
11.51647
11.51647
11.51647
11.51647
11.51647
11.51647
11.51647
11.51647
11.51647
11.51647
11.51647
11.51647
11.51647
11.51647
11.51647
11.51647
11.51647
11.51647
11.51647
11.51647
11.51647
11.51647
11.51647
11.51647
11.51647
11.51647
11.51647
11.51647
11.51647
11.51647
11.51647
11.51647
11.51647
11.51647
11.51647
11.51647
11.51647
11.51647
11.51647
11.51647
11.51647
11.51647
11.51647
11.51647
11.51647
11.51647
11.51647
11.51647
11.51647
11.51647
11.51647
11.51647
11.51647
11.51647
11.51647
11.51647
11.51647
11.51647
11.51647
11.51647
11.51647
11.51647
11.51647
11.51647
11.51647
11.51647
11.51647
11.51647
11.51647
11.51647
11.51647
11.51647
11.51647
11.51647
11.51647
11.51647
11.51647
11.51647
11.51647
11.51647
11.51647
11.51647
11.51647
11.51647
11.51647
11.51647
11.51647
11.51647
11.51647
11.51647
11.51647
11.51647
11.51647
11.51647
11.51647
11.51647
11.51647
11.51647
11.51647
11.51647
11.51647
11.51647
11.51647
11.51647
11.51647
11.51647
11.51647
11.51647
11.51647
11.51647
11.51647
11.51647
11.51647
11.51647
11.51647
11.51647
11.51647
11.51647
11.51647
11.51647
11.51647
11.51647
11.51647
11.51647
11.51647
11.51647
11.51647
11.51647
11.51647
11.51647
11.51647
11.51647
11.51647
11.51647
11.51647
11.51647
11.51647
11.51647
11.51647
11.51647
11.51647
11.51647
11.51647
11.51647
11.51647
11.51647
11.51647
11.51647
11.51647
11.51647
11.51647
11.51647
11.51647
11.51647
11.51647
11.51647
11.51647
11.51647
11.51647
11.51647
11.51647
11.51647
11.51647
11.51647
11.51647
11.51647
11.51647
11.51647
11.51647
11.51647
11.51647
11.51647
11.51647
11.51647
11.51647
11.51647
11.51647
11.51647
11.51647
11.51647
11.51647
11.51647
11.51647
11.51647
11.51647
11.51647
11.51647
11.51647
11.51647
11.51647
11.51647
11.51647
11.51647
11.51647
11.51647
11.51647
11.51647
11.51647
11.51647
11.51647
11.51647
11.51647
11.51647
11.51647
11.51647
11.51647
11.51647
11.51647
11.51647
11.51647
11.51647
11.51647
11.51647
11.51647
11.51647
11.51647
11.51647
11.51647
11.51647
11.51647
11.51647
11.51647
11.51647
11.51647
11.51647
11.51647
11.51647
11.51647
11.51647
11.51647
11.51647
11.51647
11.51647
11.51647
11.51647
11.51647
11.51647
11.51647
11.51647
11.51647
11.51647
11.51647
11.51647
11.51647
11.51647
11.51647
11.51647
11.51647
11.51647
11.51647
11.51647
11.51647
11.51647
11.51647
11.51647
11.51647
11.51647
11.51647
11.51647
11.51647
11.51647
